&instate

  tokamak_id = 'ITER'

  ip = 8.0
  b0 =-5.3
  r0 = 6.2
  
  rmajor = 6.34256027783
  aminor = 1.85352827404
  kappa = 1.91505923211
  delta = 0.57989394078
  
  n_ion = 2
  z_ion = 1 1
  a_ion = 2 3
  f_ion = 0.5 0.5
  
  n_imp = 1   ! 2
  z_imp = 6   ! 6 2
  a_imp = 12  ! 12 4
  f_imp = 1.0 ! 1.0 0.0
  
  n_beam = 1
  z_beam = 1
  a_beam = 2
  
  n_fusion = 1
  z_fusion = 2
  a_fusion = 4
  
  n_rfmin = 0

  nrho = 101 

  rsym = 0.95
  wped = 0.10

  ne_axis  = 8.0
  ne_ped   = 6.5   
  ne_sep   = 1.625  
  ne_alpha = 1.5
  ne_beta  = 1.5 

  te_axis  = 25.0   
  te_ped   = 5.0
  te_sep   = 0.075   
  te_alpha = 1.5 
  te_beta  = 1.5

  ti_axis  = 25.0
  ti_ped   = 5.0
  ti_sep   = 0.075   
  ti_alpha = 1.5 
  ti_beta  = 1.5

  zeff = 1.7

  jpar_axis   = 1.0
  jpar_sep    = 0.1
  jpar_alpha  = 2.0
  jpar_beta   = 1.0

  nbdry = 100 
  rbdry = 4.52700901 4.53864527 4.55134392 4.56503487 4.5797205  
    4.59549522 4.6125493 4.63116598 4.65169144 4.67448282 4.69983673  
    4.72792387 4.75871086 4.79193592 4.82709837 4.86351347 4.90041018  
    4.93707514 4.97302055 5.00815344 5.0429244 5.07840776 5.11632442  
    5.15895748 5.20899582 5.26928329 5.34253263 5.4310174 5.53628635  
    5.65894556 5.79852438 5.95346498 6.12121439 6.29843044 6.48125172  
    6.66562462 6.84761238 7.02368259 7.19090366 7.3470664 7.49069786  
    7.62099314 7.73767281 7.84080696 7.93063402 8.00740242 8.07125664  
    8.12218666 8.16003418 8.18455219 8.19548798 8.19268322 8.17615032  
    8.1461277 8.10308361 8.04768372 7.9807229 7.90304279 7.81544352  
    7.71861696 7.61311722 7.49936867 7.37771034 7.24848366 7.11211872  
    6.96923637 6.82071733 6.66773462 6.51175499 6.35447168 6.1977253  
    6.04337788 5.89319754 5.74874067 5.6112752 5.48172474 5.3606739  
    5.24839687 5.14491701 5.05009127 4.96368361 4.88543034 4.81508493  
    4.75243711 4.69730091 4.64949656 4.60880661 4.57495451 4.54757309  
    4.52620173 4.51029634 4.49926043 4.49247503 4.48934031 4.48930931  
    4.49190187 4.49672174 4.50344849 4.51182079 4.52162504 
  zbdry = 0.368763387 0.144836441 -0.0781980157 -0.299450696  
    -0.518039703 -0.733093679 -0.94375515 -1.14918518 -1.34856284  
    -1.54109609 -1.72601604 -1.90258467 -2.07009983 -2.22789216  
    -2.37533426 -2.51183724 -2.63685727 -2.74989581 -2.85050344  
    -2.93827701 -3.01286864 -3.07397914 -3.12136626 -3.15484095  
    -3.17426896 -3.17957449 -3.17073393 -3.14778495 -3.11081719  
    -3.05997944 -2.99547386 -2.91755652 -2.82653999 -2.722785  
    -2.60670662 -2.47876787 -2.33947706 -2.18939042 -2.02910733  
    -1.85926425 -1.68054092 -1.49364686 -1.29932952 -1.0983634  
    -0.891547799 -0.679708779 -0.463690042 -0.244352937 -0.0225718245  
    0.20076935 0.424780041 0.648567617 0.871239722 1.09190845  
    1.30969548 1.52373123 1.73316264 1.93715465 2.13489532 2.32559633  
    2.50849509 2.6828661 2.84801149 3.00327373 3.14803457 3.28171587  
    3.40378571 3.51375651 3.6111908 3.69570041 3.76694751 3.82464767  
    3.86857224 3.89854598 3.91444802 3.91621685 3.90384388 3.87737942  
    3.83692813 3.78265238 3.71476746 3.63354397 3.53930616 3.43243074  
    3.31334162 3.18251538 3.04047179 2.88777828 2.72504401 2.5529151  
    2.37208152 2.18326068 1.98720717 1.78470266 1.5765537 1.36358976  
    1.14665961 0.926629245 0.704375029 0.480782747 
  nlim = 10 
  rlim = 8.2460928 8.2460928 8.12097073 4.45904875 4.43896866  
    4.43896866 4.45883799 8.12601089 8.2460928 8.2460928 
  zlim = 0.368761837 3.89885736 3.96721196 3.96721196 3.86538243  
    -3.12341785 -3.22968507 -3.22968507 -3.09333563 0.368761837 
/

